b' T:100.4 /100.0 @:0 W:?\n'b' T:99.8 /100.0 @:0 W:9\n'b' T:99.2 /100.0 @:0 W:8\n'b' T:98.6 /100.0 @:0 W:7\n'b' T:98.0 /100.0 @:0 W:6\n'b' T:97.4 /100.0 @:18 W:5\n'b' T:96.8 /100.0 @:49 W:10\n'b' T:96.4 /100.0 @:75 W:10\n'b' T:96.4 /100.0 @:93 W:10\n'b' T:96.8 /100.0 @:99 W:10\n'b' T:97.5 /100.0 @:95 W:9\n'b' T:98.6 /100.0 @:81 W:8\n'b' T:100.1 /100.0 @:57 W:7\n'b' T:101.3 /100.0 @:33 W:6\n'b' T:102.4 /100.0 @:10 W:5\n'b' T:103.1 /100.0 @:0 W:10\n'b' T:103.5 /100.0 @:0 W:10\n'b' T:103.6 /100.0 @:0 W:10\n'b' T:103.2 /100.0 @:1 W:10\n'b' T:102.7 /100.0 @:3 W:9\n'b' T:102.2 /100.0 @:8 W:8\n'b' T:101.7 /100.0 @:12 W:7\n'b' T:101.3 /100.0 @:17 W:6\n'b' T:100.8 /100.0 @:22 W:5\n'b' T:100.5 /100.0 @:26 W:4\n'b' T:100.3 /100.0 @:28 W:3\n'b' T:100.1 /100.0 @:30 W:2\n'b' T:100.0 /100.0 @:30 W:1\n'b' T:100.1 /100.0 @:29 W:0\n'b' T:99.9 /100.0 @:0 W:?\n'b' T:99.3 /100.0 @:0 W:9\n'[98.6,1685470014.7994137]
[98.0,1685470015.789763]
[97.4,1685470016.7962766]
[96.7,1685470017.7896924]
[96.1,1685470018.7953806]
[95.6,1685470019.7866333]
[95.5,1685470020.7946742]
[95.8,1685470021.8025813]
[96.7,1685470022.791067]
[98.0,1685470023.7987168]
[99.5,1685470024.7889504]
[101.1,1685470025.7940319]
[102.6,1685470026.7871327]
[104.0,1685470027.7976205]
[104.9,1685470028.8007522]
[105.0,1685470029.7913504]
[104.8,1685470030.7993143]
[104.4,1685470031.7895215]
[103.9,1685470032.798936]
[103.4,1685470033.7883859]
[102.7,1685470034.7950609]
[102.2,1685470035.786404]
[101.7,1685470036.791314]
[101.2,1685470037.805471]
[100.9,1685470038.7924702]
[100.6,1685470039.7998512]
[100.3,1685470040.7887764]
[100.2,1685470041.796111]
[100.1,1685470042.7895007]
[100.1,1685470043.7945266]
[119.1 , 1685470420.4006803]
[118.3 , 1685470421.4020512]
[117.3 , 1685470422.4129488]
[116.5 , 1685470423.4001617]
[115.7 , 1685470424.4118218]
[114.9 , 1685470425.3983512]
[114.1 , 1685470426.4103825]
[113.3 , 1685470427.3965516]
[112.6 , 1685470428.4085052]
[111.9 , 1685470429.4130516]
[111.2 , 1685470430.4065485]
[110.6 , 1685470431.4090571]
[109.9 , 1685470432.4048796]
[109.3 , 1685470433.4070756]
[108.5 , 1685470434.4042437]
[107.8 , 1685470435.4064848]
[107.1 , 1685470436.4031157]
[106.3 , 1685470437.404743]
[30.6 , 1685471214.0866833]
[30.5 , 1685471215.0795023]
[31.4 , 1685471216.085683]
[33.0 , 1685471217.0775661]
[35.1 , 1685471218.087698]
[37.9 , 1685471219.076417]
[39.9 , 1685471220.082721]
[42.5 , 1685471221.0735996]
[46.0 , 1685471222.0808136]
[49.6 , 1685471223.0903687]
[52.3 , 1685471224.0784457]
[55.2 , 1685471225.0858164]
[58.0 , 1685471226.0751655]
[97.8 , 1685471261.1521683]
[97.2 , 1685471262.1558118]
[96.6 , 1685471263.1509626]
[95.8 , 1685471264.1542249]
[95.3 , 1685471265.1666706]
[94.9 , 1685471266.1524086]
[95.0 , 1685471267.1590235]
[95.8 , 1685471268.1504679]
[97.0 , 1685471269.1570873]
[98.6 , 1685471270.148458]
[100.4 , 1685471271.1552522]
[102.0 , 1685471272.1475775]
[103.6 , 1685471273.1552656]
[104.7 , 1685471274.1615229]
[105.2 , 1685471275.1524405]
[105.2 , 1685471276.159808]
[104.9 , 1685471277.1493142]
[104.5 , 1685471278.1566265]
[103.9 , 1685471279.1493108]
[103.3 , 1685471280.1561227]
[102.7 , 1685471281.1635928]
[102.1 , 1685471282.1542432]
[101.6 , 1685471283.1580863]
[101.2 , 1685471284.1498117]
[100.8 , 1685471285.1565833]
[100.6 , 1685471286.1465378]
[100.3 , 1685471287.154898]
[100.2 , 1685471288.1623435]
[100.1 , 1685471289.1553118]
[100.0 , 1685471290.161677]
[100.0 , 1685471383.4303536]
[102.0 , 1685471386.7113168]
[103.8 , 1685471387.7150676]
[106.0 , 1685471388.7225223]
[108.2 , 1685471389.7146657]
[110.1 , 1685471390.7187297]
[112.1 , 1685471391.713901]
[114.2 , 1685471392.717592]
[116.9 , 1685471393.7089658]
[119.1 , 1685471394.7157865]
[121.3 , 1685471395.7229156]
[123.5 , 1685471396.71862]
[125.7 , 1685471397.723551]
[128.1 , 1685471398.713267]
[130.4 , 1685471399.7205086]
[133.4 , 1685471400.7093272]
[136.8 , 1685471401.720575]
[140.1 , 1685471402.7071784]
[142.0 , 1685471403.7149973]
[144.1 , 1685471404.7193651]
[146.2 , 1685471405.7107267]
[148.3 , 1685471406.7240496]
[150.5 , 1685471407.7128327]
[152.3 , 1685471408.719583]
[154.0 , 1685471409.7098432]
[155.7 , 1685471410.715046]
[157.6 , 1685471411.7270427]
[159.6 , 1685471412.714376]
[161.5 , 1685471413.7225456]
[163.4 , 1685471414.7116394]
[165.1 , 1685471415.7202365]
[167.3 , 1685471416.714474]
[169.1 , 1685471417.7154195]
[170.6 , 1685471418.7087836]
[171.9 , 1685471419.7153604]
[173.4 , 1685471420.7234983]
[174.6 , 1685471421.7159202]
[176.5 , 1685471422.722567]
[178.3 , 1685471423.7115753]
[179.9 , 1685471424.7161849]
[181.6 , 1685471425.7086797]
[183.3 , 1685471426.7161787]
[184.8 , 1685471427.7118201]
[186.4 , 1685471428.7161818]
[187.9 , 1685471429.7242475]
[189.3 , 1685471430.7115595]
[190.6 , 1685471431.7222683]
[192.2 , 1685471432.711879]
[193.9 , 1685471433.7204862]
[195.4 , 1685471434.7138143]
[196.8 , 1685471435.7150075]
[198.1 , 1685471436.72201]
[199.5 , 1685471437.7160776]
[201.0 , 1685471438.7225726]
[202.6 , 1685471439.716296]
[204.1 , 1685471440.7182133]
[205.5 , 1685471441.71022]
[206.7 , 1685471442.7171383]
[208.0 , 1685471443.7209616]
[208.9 , 1685471444.7213707]
[210.0 , 1685471445.7213538]
[211.0 , 1685471446.7119558]
[211.9 , 1685471447.7179701]
[213.5 , 1685471448.711731]
[214.9 , 1685471449.7171633]
[216.2 , 1685471450.708688]
[217.3 , 1685471451.7161884]
[218.5 , 1685471452.7234204]
[219.1 , 1685471453.7160437]
[219.8 , 1685471454.7247698]
[220.1 , 1685471455.7128062]
[220.4 , 1685471456.7198768]
[220.4 , 1685471457.7110388]
[220.3 , 1685471458.718286]
[220.5 , 1685471459.7085855]
[220.3 , 1685471460.715766]
[:30.0 , 1685472398.948159]
[:29.3 , 1685472430.9041352]
[28.9 , 1685472472.6686165]
[28.4 , 1685472540.050138]
[28.4 , 1685472568.0093837]
[27.8 , 1685472664.6513035]
[27.8 , 1685472689.9710684]
[27.7 , 1685472691.8568497]
[27.7 , 1685472691.8893313]
[27.7 , 1685472691.9049206]
[27.8 , 1685472692.9129674]
[28.1 , 1685472693.9070683]
[29.7 , 1685472694.9114306]
[32.0 , 1685472695.9067352]
[34.5 , 1685472696.9125729]
[37.1 , 1685472697.9146867]
[39.5 , 1685472698.9067097]
[42.1 , 1685472699.9141114]
[45.4 , 1685472700.9024963]
[49.2 , 1685472701.9112926]
[52.6 , 1685472702.900908]
[55.5 , 1685472703.9093056]
[58.5 , 1685472704.8991323]
[61.5 , 1685472705.909805]
[64.6 , 1685472706.913677]
[67.2 , 1685472707.9069517]
[69.8 , 1685472708.9102032]
[72.3 , 1685472709.903205]
[74.8 , 1685472710.9098613]
[77.5 , 1685472711.901351]
[80.4 , 1685472712.909009]
[83.7 , 1685472713.9012046]
[86.5 , 1685472714.9101653]
[89.1 , 1685472715.9139729]
[91.6 , 1685472716.9044197]
[94.1 , 1685472717.91079]
[96.2 , 1685472718.9021142]
[98.1 , 1685472719.9155204]
[99.6 , 1685472720.8983548]
[100.7 , 1685472721.9100049]
[101.5 , 1685472722.9143038]
[101.9 , 1685472723.9083047]
[102.1 , 1685472724.9173467]
[101.9 , 1685472725.9053752]
[101.6 , 1685472726.91111]
[101.2 , 1685472727.9028876]
[100.8 , 1685472728.9109933]
[100.8 , 1685472729.2352862]
[ocessing\n' , 1685472731.2590866]
[ , 1685472742.2661142]
[ , 1685472743.1750789]
[ocessing\n' , 1685472743.252769]
[ocessing\n' , 1685472745.2591913]
[ocessing\n' , 1685472747.2554586]
[ , 1685472748.4441805]
[ocessing\n' , 1685472749.258707]
[ocessing\n' , 1685472751.2562742]
[ , 1685472752.6392243]
[ocessing\n' , 1685472753.2566996]
[ , 1685472754.4529958]
[ocessing\n' , 1685472755.2642322]
[95.4 , 1685472810.5832217]
[94.3 , 1685472812.473374]
[94.2 , 1685472812.5057352]
[94.2 , 1685472812.5208323]
[93.6 , 1685472813.5291967]
[93.3 , 1685472814.5225992]
[93.8 , 1685472815.526409]
[94.9 , 1685472816.518147]
[96.4 , 1685472817.524631]
[98.2 , 1685472818.5159547]
[99.9 , 1685472819.5224745]
[101.5 , 1685472820.5327172]
[102.8 , 1685472821.5237215]
[103.7 , 1685472822.5273454]
[104.0 , 1685472823.5194273]
[103.9 , 1685472824.5251036]
[103.5 , 1685472825.5165486]
[103.1 , 1685472826.5275888]
[102.5 , 1685472827.5306692]
[102.0 , 1685472828.5235715]
[101.6 , 1685472829.5301876]
[101.2 , 1685472830.5216873]
[100.8 , 1685472831.533545]
[100.6 , 1685472832.5200553]
[100.4 , 1685472833.5253398]
[100.2 , 1685472834.5307713]
[100.1 , 1685472835.5229926]
[100.1 , 1685472836.5335708]
[100.1 , 1685472836.8670096]
[ , 1685472848.9832265]
[ , 1685472849.8987863]
[ , 1685472850.8048303]
[ , 1685472851.7131073]
[ , 1685472854.2657924]
[ , 1685472855.170131]
[ , 1685472856.0754454]
[ , 1685472858.4517124]
[ , 1685472859.3681805]
[ , 1685472860.2612703]
[ , 1685472862.6571887]
[ , 1685472863.5657434]
[ , 1685472864.471494]
[ , 1685472867.0247583]
[ , 1685472867.9234765]
[ , 1685472868.8293529]
[ , 1685472871.3918996]
[ , 1685472872.3028147]
[ , 1685472873.2076874]
[ , 1685472875.6209934]
[ , 1685472876.5281796]
[ , 1685472877.4331853]
[ , 1685472879.8662076]
[ , 1685472880.7725246]
[ , 1685472881.6776545]
[ , 1685472884.2407386]
[ , 1685472885.1454086]
[ , 1685472886.0582016]
[ , 1685472888.596897]
[ , 1685472889.5026174]
[ , 1685472890.4074886]
[ , 1685472892.758147]
[ , 1685472893.677125]
[ , 1685472894.5776412]
[ , 1685472895.4879427]
[ , 1685472896.389681]
[ , 1685472898.7759125]
[ , 1685472899.6853397]
[ , 1685472900.5932338]
[ , 1685472903.6591532]
[ , 1685472904.5657065]
[ , 1685472905.4765882]
[ , 1685472907.7684073]
[ , 1685472908.6821187]
[ , 1685472909.5822248]
[ , 1685472911.8691115]
[ , 1685472912.7774987]
[ , 1685472913.6864305]
[ , 1685472915.9778388]
[ , 1685472916.881713]
[ , 1685472917.790084]
[ , 1685472920.0660903]
[ , 1685472920.9707463]
[ , 1685472921.8767529]
[ , 1685472924.1495712]
[ , 1685472925.053678]
[ , 1685472925.9583275]
[ , 1685472928.3459182]
[ , 1685472929.2528186]
[ , 1685472930.1598163]
[100.0 , 1685472930.9268398]
[100.0 , 1685472930.9376707]
[101.8 , 1685472934.203648]
[103.7 , 1685472935.2119427]
[105.8 , 1685472936.202225]
[108.0 , 1685472937.208983]
[198.0 , 1685473167.6386712]
[196.7 , 1685473168.6298862]
[195.0 , 1685473169.6409903]
[193.9 , 1685473170.6431592]
[192.3 , 1685473171.6378458]
[190.8 , 1685473172.6412766]
[149.3 , 1685473214.253722]
[148.2 , 1685473215.248692]
[146.8 , 1685473216.2556465]
[145.7 , 1685473217.2582452]
[144.7 , 1685473218.2501702]
[123.9 , 1685473242.6419144]
[123.0 , 1685473243.6369686]
[122.0 , 1685473244.6414032]
[121.1 , 1685473245.6443388]
[120.3 , 1685473246.6389153]
[119.5 , 1685473247.6413007]
[118.7 , 1685473248.633975]
[117.8 , 1685473249.641314]
[117.0 , 1685473250.6330285]
[110.4 , 1685473264.825745]
[109.6 , 1685473265.8158615]
[109.0 , 1685473266.8222759]
[108.2 , 1685473267.82891]
[107.5 , 1685473268.824766]
[95.1 , 1685473411.8274024]
[94.5 , 1685473412.812692]
[94.2 , 1685473413.8233151]
[94.3 , 1685473414.8291245]
[94.9 , 1685473415.8213778]
[96.5 , 1685473416.824241]
[98.2 , 1685473417.8195465]
[99.9 , 1685473418.8215172]
[101.5 , 1685473419.8174226]
[102.9 , 1685473420.8202136]
[103.9 , 1685473421.8292353]
[104.4 , 1685473422.8182943]
[104.5 , 1685473423.8269472]
[104.3 , 1685473424.8173811]
[103.8 , 1685473425.827457]
[103.3 , 1685473426.8150973]
[102.7 , 1685473427.8228137]
[102.1 , 1685473428.827148]
[101.5 , 1685473429.8181553]
[101.2 , 1685473430.8296142]
[100.8 , 1685473431.8162975]
[100.6 , 1685473432.8228467]
[100.4 , 1685473433.8145225]
[100.2 , 1685473434.820838]
[100.1 , 1685473435.8122942]
[100.1 , 1685473436.8191175]
[100.1 , 1685473554.6578343]
[99.5 , 1685473555.6563907]
[99.0 , 1685473556.6547468]
[98.4 , 1685473557.655205]
[97.9 , 1685473558.659034]
[97.7 , 1685473559.6512852]
[97.7 , 1685473560.6610134]
[98.1 , 1685473561.6512551]
[95.2 , 1685473794.0941792]
[94.7 , 1685473795.0806406]
[94.3 , 1685473796.087175]
[94.3 , 1685473797.09181]
[95.0 , 1685473798.0838873]
[96.2 , 1685473799.091439]
[98.1 , 1685473800.0833387]
[99.9 , 1685473801.0895278]
[101.4 , 1685473802.0817387]
[102.9 , 1685473803.0880644]
[104.0 , 1685473804.0798433]
[104.5 , 1685473805.0879867]
[104.6 , 1685473806.0940788]
[104.4 , 1685473807.0854065]
[104.0 , 1685473808.090895]
[103.5 , 1685473809.082444]
[102.8 , 1685473810.0890133]
[102.1 , 1685473811.07932]
[101.7 , 1685473812.091493]
[101.2 , 1685473813.0936513]
[100.9 , 1685473814.085468]
[100.6 , 1685473815.0925565]
[100.4 , 1685473816.0829499]
[100.2 , 1685473817.1002116]
[100.1 , 1685473818.080959]
[100.0 , 1685473819.0875812]
[42.0 , 1685474264.8626487]
[42.0 , 1685474265.8543506]
[42.6 , 1685474266.8618531]
[44.7 , 1685474267.8669798]
[47.3 , 1685474268.8600495]
[50.0 , 1685474269.8657374]
[52.6 , 1685474270.8571758]
[55.2 , 1685474271.863902]
[57.9 , 1685474272.8551733]
[60.8 , 1685474273.8608272]
[63.9 , 1685474274.8682575]
[66.5 , 1685474275.8587985]
[69.1 , 1685474276.8671684]
[71.6 , 1685474277.857067]
[74.0 , 1685474278.8649435]
[77.2 , 1685474279.8552463]
[80.0 , 1685474280.863316]
[82.8 , 1685474281.8532767]
[85.6 , 1685474282.8611102]
[88.3 , 1685474283.8667772]
[90.8 , 1685474284.8583417]
[93.3 , 1685474285.8646922]
[95.5 , 1685474286.8561053]
[97.5 , 1685474287.8615086]
[99.1 , 1685474288.8542295]
[100.3 , 1685474289.8609216]
[101.3 , 1685474290.867984]
[101.7 , 1685474291.8590636]
[101.9 , 1685474292.8667285]
[101.8 , 1685474293.8558137]
[101.6 , 1685474294.8642778]
[101.2 , 1685474295.854094]
[100.8 , 1685474296.8617022]
[100.0 , 1685474395.6477404]
[101.8 , 1685474398.939606]
[103.6 , 1685474399.9316876]
[105.7 , 1685474400.93841]
[108.0 , 1685474401.9298522]
[110.3 , 1685474402.9366527]
[112.3 , 1685474403.926813]
[114.4 , 1685474404.934678]
[116.7 , 1685474405.9249535]
[118.9 , 1685474406.9327855]
[121.2 , 1685474407.9392512]
[123.3 , 1685474408.9310212]
[125.5 , 1685474409.9377944]
[127.8 , 1685474410.9280357]
[130.1 , 1685474411.9355593]
[133.1 , 1685474412.927472]
[136.5 , 1685474413.93387]
[140.2 , 1685474414.9241962]
[142.1 , 1685474415.9307084]
[144.0 , 1685474416.9386158]
[145.9 , 1685474417.9288764]
[148.1 , 1685474418.9358182]
[150.1 , 1685474419.9275022]
[152.1 , 1685474420.933971]
[153.8 , 1685474421.92555]
[155.4 , 1685474422.9320123]
[157.3 , 1685474423.939075]
[159.3 , 1685474424.9300165]
[161.6 , 1685474425.9380145]
[163.3 , 1685474426.9282556]
[165.1 , 1685474427.9362085]
[166.9 , 1685474428.9264362]
[168.8 , 1685474429.9341784]
[170.3 , 1685474430.9244423]
[171.7 , 1685474431.9324389]
[173.1 , 1685474432.938641]
[174.4 , 1685474433.9305344]
[175.9 , 1685474434.9372027]
[177.7 , 1685474435.9286554]
[179.6 , 1685474436.9354334]
[181.5 , 1685474437.9256465]
[183.0 , 1685474438.9334579]
[184.7 , 1685474439.938635]
[186.1 , 1685474440.9302464]
[187.6 , 1685474441.9369152]
[188.9 , 1685474442.928174]
[190.4 , 1685474443.9352612]
[191.7 , 1685474444.9251463]
[193.3 , 1685474445.9329264]
[194.8 , 1685474446.9388096]
[196.4 , 1685474447.929808]
[198.1 , 1685474448.9376705]
[199.4 , 1685474449.9280005]
[200.6 , 1685474450.9358563]
[202.2 , 1685474451.9260528]
[203.6 , 1685474452.9327717]
[205.1 , 1685474453.9242616]
[206.5 , 1685474454.9308567]
[207.7 , 1685474455.9386542]
[208.5 , 1685474456.9291446]
[209.7 , 1685474457.93565]
[210.5 , 1685474458.927464]
[211.6 , 1685474459.9337595]
[213.4 , 1685474460.9252892]
[214.6 , 1685474461.93205]
[215.8 , 1685474462.9234073]
[216.7 , 1685474463.9299624]
[218.4 , 1685474464.936711]
[218.8 , 1685474465.9284234]
[219.8 , 1685474466.9350946]
[219.9 , 1685474467.9255023]
[220.2 , 1685474468.9331603]
[220.4 , 1685474469.9231138]
[220.5 , 1685474470.9300482]
[220.4 , 1685474471.9378674]
[220.5 , 1685474472.9280992]
[220.5 , 1685474473.934628]
[34.5 , 1685475427.6627176]
[34.3 , 1685475428.6671836]
[34.8 , 1685475429.6593056]
[36.9 , 1685475430.6620386]
[38.7 , 1685475431.651591]
[40.7 , 1685475432.658211]
[43.4 , 1685475433.6709278]
[46.6 , 1685475434.6583035]
[50.0 , 1685475435.666251]
[52.7 , 1685475436.656564]
[55.5 , 1685475437.6646383]
[58.4 , 1685475438.6548488]
[61.4 , 1685475439.6642249]
[64.4 , 1685475440.654688]
[67.0 , 1685475441.6632824]
[70.2 , 1685475442.6680613]
[72.6 , 1685475443.661029]
[75.0 , 1685475444.6706333]
[77.8 , 1685475445.6562095]
[80.7 , 1685475446.6626704]
[83.4 , 1685475447.6544926]
[86.2 , 1685475448.662612]
[88.8 , 1685475449.6739786]
[91.2 , 1685475450.660727]
[93.7 , 1685475451.6661437]
[95.8 , 1685475452.6564925]
[98.1 , 1685475453.6634157]
[99.5 , 1685475454.6568303]
[100.7 , 1685475455.6646912]
[101.4 , 1685475456.654854]
[101.9 , 1685475457.6607697]
[102.0 , 1685475458.6690898]
[101.9 , 1685475459.6595676]
[101.6 , 1685475460.6698163]
[101.3 , 1685475461.659144]
[100.9 , 1685475462.66571]
